{
 "cells": [
  {
   "cell_type": "code",
   "execution_count": 5,
   "id": "3e6e2733-42dd-4ebe-977b-a98e7e364657",
   "metadata": {},
   "outputs": [],
   "source": [
    "import numpy as np\n",
    "import numpy.linalg as la\n",
    "\n",
    "def householder(mat):\n",
    "    m, n = mat.shape\n",
    "    Q_T = np.eye(m)\n",
    "    R = mat\n",
    "    A = mat\n",
    "\n",
    "    for k in range(n):\n",
    "        #Computing v_k\n",
    "        alpha_k = - np.sign(R[k,k]) * la.norm(R[k:, k])\n",
    "        v_k = np.zeros(m)\n",
    "        v_k[k:] = R[k:, k]\n",
    "        v_k[k] -= alpha_k\n",
    "\n",
    "        H = np.eye(m) - (2 * np.outer(v_k, v_k) / (v_k @ v_k.T))\n",
    "        print(\"k = \", k)\n",
    "        print(\"H = \\n\", H)\n",
    "        print(\"v = \", v_k)\n",
    "        A = H @ A\n",
    "        print(\"A = \\n\", A)\n",
    "\n",
    "        #Computing beta_k\n",
    "        beta_k = np.dot(v_k, v_k)\n",
    "        if beta_k == 0:\n",
    "            continue\n",
    "\n",
    "        print(\"beta_k = \", beta_k)\n",
    "\n",
    "        #Compute R\n",
    "        for j in range(k, n):\n",
    "            gamma_j = np.dot(v_k, R[:, j])\n",
    "            print(\"gamm_j = \", gamma_j)\n",
    "            R[:,j] -= (2 * gamma_j / beta_k) * v_k\n",
    "\n",
    "        #Compute Q^T\n",
    "        for j in range(m):\n",
    "            delta_j = np.dot(v_k, Q_T[:, j])\n",
    "            Q_T[:,j] -= (2 * delta_j / beta_k) * v_k\n",
    "\n",
    "    return Q_T.T, R, A"
   ]
  },
  {
   "cell_type": "code",
   "execution_count": 6,
   "id": "c0f432b1-e38b-4745-a7fa-201134c41e56",
   "metadata": {},
   "outputs": [
    {
     "name": "stdout",
     "output_type": "stream",
     "text": [
      "k =  0\n",
      "H = \n",
      " [[-0.5        -0.5        -0.5        -0.5       ]\n",
      " [-0.5         0.83333333 -0.16666667 -0.16666667]\n",
      " [-0.5        -0.16666667  0.83333333 -0.16666667]\n",
      " [-0.5        -0.16666667 -0.16666667  0.83333333]]\n",
      "v =  [3. 1. 1. 1.]\n",
      "A = \n",
      " [[-2.00000000e+00 -1.00000000e+00 -2.00000000e+00]\n",
      " [ 5.55111512e-17  3.33333333e-01 -1.00000000e+00]\n",
      " [ 8.32667268e-17 -6.66666667e-01 -2.00000000e+00]\n",
      " [ 1.11022302e-16 -6.66666667e-01  3.00000000e+00]]\n",
      "beta_k =  12.0\n",
      "gamm_j =  6.0\n",
      "gamm_j =  4.0\n",
      "gamm_j =  6.0\n",
      "k =  1\n",
      "H = \n",
      " [[ 1.          0.          0.          0.        ]\n",
      " [ 0.         -0.33333333  0.66666667  0.66666667]\n",
      " [ 0.          0.66666667  0.66666667 -0.33333333]\n",
      " [ 0.          0.66666667 -0.33333333  0.66666667]]\n",
      "v =  [ 0.          1.33333333 -0.66666667 -0.66666667]\n",
      "A = \n",
      " [[-2.00000000e+00 -1.00000000e+00 -2.00000000e+00]\n",
      " [ 1.11022302e-16 -1.00000000e+00  1.00000000e+00]\n",
      " [ 5.55111512e-17 -7.70988212e-17 -3.00000000e+00]\n",
      " [ 8.32667268e-17 -4.93432455e-17  2.00000000e+00]]\n",
      "beta_k =  2.666666666666667\n",
      "gamm_j =  1.3333333333333335\n",
      "gamm_j =  -2.0\n",
      "k =  2\n",
      "H = \n",
      " [[ 1.          0.          0.          0.        ]\n",
      " [ 0.          1.          0.          0.        ]\n",
      " [ 0.          0.         -0.83205029  0.5547002 ]\n",
      " [ 0.          0.          0.5547002   0.83205029]]\n",
      "v =  [ 0.          0.         -6.60555128  2.        ]\n",
      "A = \n",
      " [[-2.00000000e+00 -1.00000000e+00 -2.00000000e+00]\n",
      " [ 1.11022302e-16 -1.00000000e+00  1.00000000e+00]\n",
      " [-8.57023176e-33  3.67793889e-17  3.60555128e+00]\n",
      " [ 1.00074151e-16 -8.38227932e-17  2.22044605e-16]]\n",
      "beta_k =  47.63330765278394\n",
      "gamm_j =  23.81665382639197\n",
      "Q = \n",
      " [[-0.5        -0.5         0.13867505 -0.69337525]\n",
      " [-0.5        -0.5        -0.13867505  0.69337525]\n",
      " [-0.5         0.5        -0.69337525 -0.13867505]\n",
      " [-0.5         0.5         0.69337525  0.13867505]]\n",
      "R = \n",
      " [[-2.         -1.         -2.        ]\n",
      " [ 0.         -1.          1.        ]\n",
      " [ 0.          0.          3.60555128]\n",
      " [ 0.          0.          0.        ]]\n",
      "A = \n",
      " [[-2.00000000e+00 -1.00000000e+00 -2.00000000e+00]\n",
      " [ 1.11022302e-16 -1.00000000e+00  1.00000000e+00]\n",
      " [-8.57023176e-33  3.67793889e-17  3.60555128e+00]\n",
      " [ 1.00074151e-16 -8.38227932e-17  2.22044605e-16]]\n"
     ]
    }
   ],
   "source": [
    "C = np.array([[1, 1, 1], \n",
    "              [1, 1, 0], \n",
    "              [1, 0, -1],\n",
    "              [1, 0, 4]], dtype = float)\n",
    "\n",
    "Q, R, A = householder(C)\n",
    "print(\"Q = \\n\", Q)\n",
    "print(\"R = \\n\", R)\n",
    "print(\"A = \\n\", A)"
   ]
  },
  {
   "cell_type": "code",
   "execution_count": null,
   "id": "553e67f8-208e-42fb-8e9d-95fceaac615f",
   "metadata": {},
   "outputs": [],
   "source": [
    "B = np.array([[4, 9 ,10], \n",
    "              [17, 5 , 1], \n",
    "              [0, 2, 11]], dtype = float)\n",
    "Q, R = householder(B)\n",
    "print(\"Q = \\n\", Q)\n",
    "print(\"Q^{-1} = \\n\", la.inv(Q))\n",
    "print(\"QQ^T = \\n\", np.dot(Q, Q.T))\n",
    "print(\"R = \\n\", R)\n",
    "print(\"QR = \\n\", np.dot(Q,R))"
   ]
  },
  {
   "cell_type": "code",
   "execution_count": null,
   "id": "24bdc265-d525-4f4b-b64b-7b619d2beabb",
   "metadata": {},
   "outputs": [],
   "source": [
    "A = np.array([[1, 2], \n",
    "              [3, 9], \n",
    "              [2, 7]], dtype = float)\n",
    "Q, R = householder(A)\n",
    "print(\"Q = \\n\", Q)\n",
    "print(\"Q^{-1} = \\n\", la.inv(Q))\n",
    "print(\"QQ^T = \\n\", np.dot(Q, Q.T))\n",
    "print(\"R = \\n\", R)\n",
    "print(\"QR = \\n\", np.dot(Q,R))"
   ]
  },
  {
   "cell_type": "code",
   "execution_count": null,
   "id": "8dadc6ff-28a8-49d5-a9bd-ae296b019c21",
   "metadata": {},
   "outputs": [],
   "source": []
  }
 ],
 "metadata": {
  "kernelspec": {
   "display_name": "Python 3 (ipykernel)",
   "language": "python",
   "name": "python3"
  },
  "language_info": {
   "codemirror_mode": {
    "name": "ipython",
    "version": 3
   },
   "file_extension": ".py",
   "mimetype": "text/x-python",
   "name": "python",
   "nbconvert_exporter": "python",
   "pygments_lexer": "ipython3",
   "version": "3.10.12"
  }
 },
 "nbformat": 4,
 "nbformat_minor": 5
}
